0.001000,0.500000,0.333333
0.002000,0.250000,0.666667
0.003000,0.750000,0.111111
0.004000,0.125000,0.444444
0.005000,0.625000,0.777778
0.006000,0.375000,0.222222
0.007000,0.875000,0.555556
0.008000,0.062500,0.888889
0.009000,0.562500,0.037037
0.010000,0.312500,0.370370
0.011000,0.812500,0.703704
0.012000,0.187500,0.148148
0.013000,0.687500,0.481481
0.014000,0.437500,0.814815
0.015000,0.937500,0.259259
0.016000,0.031250,0.592593
0.017000,0.531250,0.925926
0.018000,0.281250,0.074074
0.019000,0.781250,0.407407
0.020000,0.156250,0.740741
0.021000,0.656250,0.185185
0.022000,0.406250,0.518519
0.023000,0.906250,0.851852
0.024000,0.093750,0.296296
0.025000,0.593750,0.629630
0.026000,0.343750,0.962963
0.027000,0.843750,0.012346
0.028000,0.218750,0.345679
0.029000,0.718750,0.679012
0.030000,0.468750,0.123457
0.031000,0.968750,0.456790
0.032000,0.015625,0.790123
0.033000,0.515625,0.234568
0.034000,0.265625,0.567901
0.035000,0.765625,0.901235
0.036000,0.140625,0.049383
0.037000,0.640625,0.382716
0.038000,0.390625,0.716049
0.039000,0.890625,0.160494
0.040000,0.078125,0.493827
0.041000,0.578125,0.827160
0.042000,0.328125,0.271605
0.043000,0.828125,0.604938
0.044000,0.203125,0.938272
0.045000,0.703125,0.086420
0.046000,0.453125,0.419753
0.047000,0.953125,0.753086
0.048000,0.046875,0.197531
0.049000,0.546875,0.530864
0.050000,0.296875,0.864198
0.051000,0.796875,0.308642
0.052000,0.171875,0.641975
0.053000,0.671875,0.975309
0.054000,0.421875,0.024691
0.055000,0.921875,0.358025
0.056000,0.109375,0.691358
0.057000,0.609375,0.135802
0.058000,0.359375,0.469136
0.059000,0.859375,0.802469
0.060000,0.234375,0.246914
0.061000,0.734375,0.580247
0.062000,0.484375,0.913580
0.063000,0.984375,0.061728
0.064000,0.007813,0.395062
0.065000,0.507813,0.728395
0.066000,0.257813,0.172840
0.067000,0.757813,0.506173
0.068000,0.132813,0.839506
0.069000,0.632813,0.283951
0.070000,0.382813,0.617284
0.071000,0.882813,0.950617
0.072000,0.070313,0.098765
0.073000,0.570313,0.432099
0.074000,0.320313,0.765432
0.075000,0.820313,0.209877
0.076000,0.195313,0.543210
0.077000,0.695313,0.876543
0.078000,0.445313,0.320988
0.079000,0.945313,0.654321
0.080000,0.039063,0.987654
0.081000,0.539063,0.004115
0.082000,0.289063,0.337449
0.083000,0.789063,0.670782
0.084000,0.164063,0.115226
0.085000,0.664063,0.448560
0.086000,0.414063,0.781893
0.087000,0.914063,0.226337
0.088000,0.101563,0.559671
0.089000,0.601563,0.893004
0.090000,0.351563,0.041152
0.091000,0.851563,0.374486
0.092000,0.226563,0.707819
0.093000,0.726563,0.152263
0.094000,0.476563,0.485597
0.095000,0.976563,0.818930
0.096000,0.023438,0.263374
0.097000,0.523438,0.596708
0.098000,0.273438,0.930041
0.099000,0.773438,0.078189
0.100000,0.148438,0.411523
0.101000,0.648438,0.744856
0.102000,0.398438,0.189300
0.103000,0.898438,0.522634
0.104000,0.085938,0.855967
0.105000,0.585938,0.300412
0.106000,0.335938,0.633745
0.107000,0.835938,0.967078
0.108000,0.210938,0.016461
0.109000,0.710938,0.349794
0.110000,0.460938,0.683128
0.111000,0.960938,0.127572
0.112000,0.054688,0.460905
0.113000,0.554688,0.794239
0.114000,0.304688,0.238683
0.115000,0.804688,0.572016
0.116000,0.179688,0.905350
0.117000,0.679688,0.053498
0.118000,0.429688,0.386831
0.119000,0.929688,0.720165
0.120000,0.117188,0.164609
0.121000,0.617188,0.497942
0.122000,0.367188,0.831276
0.123000,0.867188,0.275720
0.124000,0.242188,0.609053
0.125000,0.742188,0.942387
0.126000,0.492188,0.090535
0.127000,0.992188,0.423868
0.128000,0.003906,0.757202
0.129000,0.503906,0.201646
0.130000,0.253906,0.534979
0.131000,0.753906,0.868313
0.132000,0.128906,0.312757
0.133000,0.628906,0.646091
0.134000,0.378906,0.979424
0.135000,0.878906,0.028807
0.136000,0.066406,0.362140
0.137000,0.566406,0.695473
0.138000,0.316406,0.139918
0.139000,0.816406,0.473251
0.140000,0.191406,0.806584
0.141000,0.691406,0.251029
0.142000,0.441406,0.584362
0.143000,0.941406,0.917695
0.144000,0.035156,0.065844
0.145000,0.535156,0.399177
0.146000,0.285156,0.732510
0.147000,0.785156,0.176955
0.148000,0.160156,0.510288
0.149000,0.660156,0.843621
0.150000,0.410156,0.288066
0.151000,0.910156,0.621399
0.152000,0.097656,0.954733
0.153000,0.597656,0.102881
0.154000,0.347656,0.436214
0.155000,0.847656,0.769547
0.156000,0.222656,0.213992
0.157000,0.722656,0.547325
0.158000,0.472656,0.880658
0.159000,0.972656,0.325103
0.160000,0.019531,0.658436
0.161000,0.519531,0.991770
0.162000,0.269531,0.008230
0.163000,0.769531,0.341564
0.164000,0.144531,0.674897
0.165000,0.644531,0.119342
0.166000,0.394531,0.452675
0.167000,0.894531,0.786008
0.168000,0.082031,0.230453
0.169000,0.582031,0.563786
0.170000,0.332031,0.897119
0.171000,0.832031,0.045267
0.172000,0.207031,0.378601
0.173000,0.707031,0.711934
0.174000,0.457031,0.156379
0.175000,0.957031,0.489712
0.176000,0.050781,0.823045
0.177000,0.550781,0.267490
0.178000,0.300781,0.600823
0.179000,0.800781,0.934156
0.180000,0.175781,0.082305
0.181000,0.675781,0.415638
0.182000,0.425781,0.748971
0.183000,0.925781,0.193416
0.184000,0.113281,0.526749
0.185000,0.613281,0.860082
0.186000,0.363281,0.304527
0.187000,0.863281,0.637860
0.188000,0.238281,0.971193
0.189000,0.738281,0.020576
0.190000,0.488281,0.353909
0.191000,0.988281,0.687243
0.192000,0.011719,0.131687
0.193000,0.511719,0.465021
0.194000,0.261719,0.798354
0.195000,0.761719,0.242798
0.196000,0.136719,0.576132
0.197000,0.636719,0.909465
0.198000,0.386719,0.057613
0.199000,0.886719,0.390947
0.200000,0.074219,0.724280
